0.1 317.098653996821
0.2789473684210526 197.8665725629287
0.45789473684210524 168.76462255050055
0.6368421052631579 154.2412313062997
0.8157894736842105 146.06109821438366
0.9947368421052631 140.8362644578682
1.1736842105263159 136.50536087484238
1.3526315789473684 132.82357131146077
1.5315789473684212 130.0823604465889
1.710526315789474 128.37998072286385
1.8894736842105264 126.84757421771272
2.068421052631579 125.45347331447017
2.2473684210526317 124.17886663806993
2.4263157894736844 123.00732419565858
2.6052631578947367 121.92821045859604
2.7842105263157895 120.92460309010795
2.963157894736842 120.43151708659748
3.142105263157895 120.02304406455005
3.3210526315789477 119.64096762518969
3.5 119.29147199699713
