0.000000000000000000e+00 0.000000000000000000e+00 0.000000000000000000e+00
0.000000000000000000e+00 0.000000000000000000e+00 0.000000000000000000e+00
1.798107255520504877e+00 1.668421052631578998e-08 1.861068576792334284e+00
1.536388140161724980e+00 1.952631578947368700e-08 5.903663764892465693e+00
0.000000000000000000e+00 0.000000000000000000e+00 0.000000000000000000e+00
0.000000000000000000e+00 0.000000000000000000e+00 0.000000000000000000e+00
0.000000000000000000e+00 0.000000000000000000e+00 0.000000000000000000e+00
0.000000000000000000e+00 0.000000000000000000e+00 0.000000000000000000e+00
0.000000000000000000e+00 0.000000000000000000e+00 0.000000000000000000e+00
0.000000000000000000e+00 0.000000000000000000e+00 0.000000000000000000e+00
0.000000000000000000e+00 0.000000000000000000e+00 0.000000000000000000e+00
0.000000000000000000e+00 0.000000000000000000e+00 0.000000000000000000e+00
0.000000000000000000e+00 0.000000000000000000e+00 0.000000000000000000e+00
0.000000000000000000e+00 0.000000000000000000e+00 0.000000000000000000e+00
0.000000000000000000e+00 0.000000000000000000e+00 0.000000000000000000e+00
0.000000000000000000e+00 0.000000000000000000e+00 0.000000000000000000e+00
0.000000000000000000e+00 0.000000000000000000e+00 0.000000000000000000e+00
0.000000000000000000e+00 0.000000000000000000e+00 0.000000000000000000e+00
0.000000000000000000e+00 0.000000000000000000e+00 0.000000000000000000e+00
0.000000000000000000e+00 0.000000000000000000e+00 0.000000000000000000e+00
0.000000000000000000e+00 0.000000000000000000e+00 0.000000000000000000e+00
0.000000000000000000e+00 0.000000000000000000e+00 0.000000000000000000e+00
3.138801261829653022e+00 1.668421052631578998e-08 5.309482508272979295e+00
2.681940700808625344e+00 1.952631578947368700e-08 7.846807864630672702e-02
2.341176470588235414e+00 2.236842105263158072e-08 2.431924608736010462e+00
2.077244258872651628e+00 2.521052631578947444e-08 5.138828507163837322e+00
0.000000000000000000e+00 0.000000000000000000e+00 0.000000000000000000e+00
0.000000000000000000e+00 0.000000000000000000e+00 0.000000000000000000e+00
0.000000000000000000e+00 0.000000000000000000e+00 0.000000000000000000e+00
0.000000000000000000e+00 0.000000000000000000e+00 0.000000000000000000e+00
0.000000000000000000e+00 0.000000000000000000e+00 0.000000000000000000e+00
0.000000000000000000e+00 0.000000000000000000e+00 0.000000000000000000e+00
0.000000000000000000e+00 0.000000000000000000e+00 0.000000000000000000e+00
0.000000000000000000e+00 0.000000000000000000e+00 0.000000000000000000e+00
0.000000000000000000e+00 0.000000000000000000e+00 0.000000000000000000e+00
0.000000000000000000e+00 0.000000000000000000e+00 0.000000000000000000e+00
0.000000000000000000e+00 0.000000000000000000e+00 0.000000000000000000e+00
0.000000000000000000e+00 0.000000000000000000e+00 0.000000000000000000e+00
0.000000000000000000e+00 0.000000000000000000e+00 0.000000000000000000e+00
0.000000000000000000e+00 0.000000000000000000e+00 0.000000000000000000e+00
0.000000000000000000e+00 0.000000000000000000e+00 0.000000000000000000e+00
0.000000000000000000e+00 0.000000000000000000e+00 0.000000000000000000e+00
4.479495268138801833e+00 1.668421052631578998e-08 3.454232368801945618e+00
3.827493261455525264e+00 1.952631578947368700e-08 6.253936858880408955e-01
3.341176470588235414e+00 2.236842105263158072e-08 1.166081459853078428e+00
2.964509394572025336e+00 2.521052631578947444e-08 1.836509951852124622e+00
2.664165103189493511e+00 2.805263157894736815e-08 2.494634649837113471e+00
2.419080068143100171e+00 3.089473684210526849e-08 3.135597468669346188e+00
2.215288611544461883e+00 3.373684210526316221e-08 3.763435550825665388e+00
2.043165467625899456e+00 3.657894736842105592e-08 4.378642286229984748e+00
1.895861148197596879e+00 3.942105263157894964e-08 4.985328708086159466e+00
1.768368617683686361e+00 4.226315789473684336e-08 5.515980354887266124e+00
1.656942823803967402e+00 4.510526315789473707e-08 5.983447901733761398e+00
0.000000000000000000e+00 0.000000000000000000e+00 0.000000000000000000e+00
0.000000000000000000e+00 0.000000000000000000e+00 0.000000000000000000e+00
0.000000000000000000e+00 0.000000000000000000e+00 0.000000000000000000e+00
0.000000000000000000e+00 0.000000000000000000e+00 0.000000000000000000e+00
0.000000000000000000e+00 0.000000000000000000e+00 0.000000000000000000e+00
0.000000000000000000e+00 0.000000000000000000e+00 0.000000000000000000e+00
0.000000000000000000e+00 0.000000000000000000e+00 0.000000000000000000e+00
0.000000000000000000e+00 0.000000000000000000e+00 0.000000000000000000e+00
0.000000000000000000e+00 0.000000000000000000e+00 0.000000000000000000e+00
5.820189274447948868e+00 1.668421052631578998e-08 5.013407483107799933e+00
4.973045822102425184e+00 1.952631578947368700e-08 5.923477718030858430e-01
4.341176470588234970e+00 2.236842105263158072e-08 1.202020636815853694e-02
0.000000000000000000e+00 0.000000000000000000e+00 0.000000000000000000e+00
3.461538461538461231e+00 2.805263157894736815e-08 2.302457409098669916e-01
3.143100511073253056e+00 3.089473684210526849e-08 5.936190865526229654e-01
2.878315132605303805e+00 3.373684210526316221e-08 9.965604313074840626e-01
2.654676258992805238e+00 3.657894736842105592e-08 1.345251895996573799e+00
2.463284379172229421e+00 3.942105263157894964e-08 1.722506551932029062e+00
2.297633872976338587e+00 4.226315789473684336e-08 2.119339310107418495e+00
2.152858809801633466e+00 4.510526315789473707e-08 2.532235728214250692e+00
2.025246981339187791e+00 4.794736842105263079e-08 2.844204944876459695e+00
1.911917098445595542e+00 5.078947368421053112e-08 3.143094452751689527e+00
1.810598626104023445e+00 5.363157894736842484e-08 3.445587407419013370e+00
1.719478098788443488e+00 5.647368421052631856e-08 3.749275781765631699e+00
1.637089618456077922e+00 5.931578947368421227e-08 4.057327468800123960e+00
1.562235393734123567e+00 6.215789473684210599e-08 4.365469783633051826e+00
1.493927125506072873e+00 6.499999999999999971e-08 4.677877779383885937e+00
0.000000000000000000e+00 0.000000000000000000e+00 0.000000000000000000e+00
0.000000000000000000e+00 0.000000000000000000e+00 0.000000000000000000e+00
0.000000000000000000e+00 0.000000000000000000e+00 0.000000000000000000e+00
6.118598382749324216e+00 1.952631578947368700e-08 3.118993520493176241e+00
5.341176470588234082e+00 2.236842105263158072e-08 1.208418717813734444e+00
4.739039665970771864e+00 2.521052631578947444e-08 4.587030488590118638e-01
4.258911819887429395e+00 2.805263157894736815e-08 2.352074210411479460e-01
3.867120954003405942e+00 3.089473684210526849e-08 1.423157535557712516e-01
3.541341653666145728e+00 3.373684210526316221e-08 2.073101311340877495e-01
3.266187050359711463e+00 3.657894736842105592e-08 3.842020560524783135e-01
3.030707610146861963e+00 3.942105263157894964e-08 5.304430913310755891e-01
2.826899128268991035e+00 4.226315789473684336e-08 6.823013384494500677e-01
2.648774795799299309e+00 4.510526315789473707e-08 8.701189740203660872e-01
2.491767288693742977e+00 4.794736842105263079e-08 1.086666120647231226e+00
2.352331606217616056e+00 5.078947368421053112e-08 1.326625477699199918e+00
2.227674190382727737e+00 5.363157894736842484e-08 1.583213942012708708e+00
2.115563839701770199e+00 5.647368421052631856e-08 1.721747318581533293e+00
2.014196983141082420e+00 5.931578947368421227e-08 1.869375208283076351e+00
1.922099915325994557e+00 6.215789473684210599e-08 2.023064531451791659e+00
1.838056680161943124e+00 6.499999999999999971e-08 2.185064763472091443e+00
0.000000000000000000e+00 0.000000000000000000e+00 0.000000000000000000e+00
0.000000000000000000e+00 0.000000000000000000e+00 0.000000000000000000e+00
0.000000000000000000e+00 0.000000000000000000e+00 0.000000000000000000e+00
0.000000000000000000e+00 0.000000000000000000e+00 0.000000000000000000e+00
6.341176470588234970e+00 2.236842105263158072e-08 3.830388980983896907e+00
5.626304801670146460e+00 2.521052631578947444e-08 2.326360710671324661e+00
5.056285178236398004e+00 2.805263157894736815e-08 1.462901062140818054e+00
4.591141396933560159e+00 3.089473684210526849e-08 1.022158420857490091e+00
4.204368174726988983e+00 3.373684210526316221e-08 7.500182472619187912e-01
3.877697841726618577e+00 3.657894736842105592e-08 5.733889697295251331e-01
3.598130841121495394e+00 3.942105263157894964e-08 5.097429086307647683e-01
3.356164383561643927e+00 4.226315789473684336e-08 5.336232225146524399e-01
3.144690781796966483e+00 4.510526315789473707e-08 5.943278095683734996e-01
2.958287596048299051e+00 4.794736842105263079e-08 5.901860818198751968e-01
2.792746113989637458e+00 5.078947368421053112e-08 6.176433044327991340e-01
2.644749754661432917e+00 5.363157894736842484e-08 6.714649742142395628e-01
2.511649580615098021e+00 5.647368421052631856e-08 7.482659564661011675e-01
2.391304347826086918e+00 5.931578947368421227e-08 7.717978794468887127e-01
2.281964436917866212e+00 6.215789473684210599e-08 7.956513414065617962e-01
2.182186234817813819e+00 6.499999999999999971e-08 8.295462713911756492e-01
0.000000000000000000e+00 0.000000000000000000e+00 0.000000000000000000e+00
0.000000000000000000e+00 0.000000000000000000e+00 0.000000000000000000e+00
0.000000000000000000e+00 0.000000000000000000e+00 0.000000000000000000e+00
0.000000000000000000e+00 0.000000000000000000e+00 0.000000000000000000e+00
0.000000000000000000e+00 0.000000000000000000e+00 0.000000000000000000e+00
6.513569937369519280e+00 2.521052631578947444e-08 4.928351302169987846e+00
5.853658536585365724e+00 2.805263157894736815e-08 3.570870937504363241e+00
5.315161839863712601e+00 3.089473684210526849e-08 2.639289364789664027e+00
4.867394695787830905e+00 3.373684210526316221e-08 2.017620660298586444e+00
4.489208633093524803e+00 3.657894736842105592e-08 1.627281129520189662e+00
4.165554072096127491e+00 3.942105263157894964e-08 1.349612026317160041e+00
3.885429638854295931e+00 4.226315789473684336e-08 1.100318607580938579e+00
3.640606767794632326e+00 4.510526315789473707e-08 9.270880732785367062e-01
3.424807903402853793e+00 4.794736842105263079e-08 8.153960759127598656e-01
3.233160621761657527e+00 5.078947368421053112e-08 6.746189047665103189e-01
3.061825318940136764e+00 5.363157894736842484e-08 5.635163704424848152e-01
2.907735321528424510e+00 5.647368421052631856e-08 4.784328869984135202e-01
2.768411712511090972e+00 5.931578947368421227e-08 4.161958878368594017e-01
2.641828958509737202e+00 6.215789473684210599e-08 3.734891581286489681e-01
2.526315789473684070e+00 6.499999999999999971e-08 3.484633464313840467e-01
0.000000000000000000e+00 0.000000000000000000e+00 0.000000000000000000e+00
0.000000000000000000e+00 0.000000000000000000e+00 0.000000000000000000e+00
0.000000000000000000e+00 0.000000000000000000e+00 0.000000000000000000e+00
0.000000000000000000e+00 0.000000000000000000e+00 0.000000000000000000e+00
0.000000000000000000e+00 0.000000000000000000e+00 0.000000000000000000e+00
0.000000000000000000e+00 0.000000000000000000e+00 0.000000000000000000e+00
6.651031894934333444e+00 2.805263157894736815e-08 6.043917302667216163e+00
6.039182282793865930e+00 3.089473684210526849e-08 4.714763849540265284e+00
5.530421216848672827e+00 3.373684210526316221e-08 3.829059071554388183e+00
5.100719424460431028e+00 3.657894736842105592e-08 3.113881873766623620e+00
4.732977303070760478e+00 3.942105263157894964e-08 2.572834084755508677e+00
4.414694894146948378e+00 4.226315789473684336e-08 2.153363429295542808e+00
4.136522753792298168e+00 4.510526315789473707e-08 1.780152789996065188e+00
3.891328210757409423e+00 4.794736842105263079e-08 1.469500468681428362e+00
3.673575129533678041e+00 5.078947368421053112e-08 1.213073257668831229e+00
3.478900883218841500e+00 5.363157894736842484e-08 1.000471748330697741e+00
3.303821062441751888e+00 5.647368421052631856e-08 8.267915104137908422e-01
3.145519077196095470e+00 5.931578947368421227e-08 6.876173067069506484e-01
3.001693480101608635e+00 6.215789473684210599e-08 5.777236802898002566e-01
2.870445344129554321e+00 6.499999999999999971e-08 4.937799824752815980e-01
0.000000000000000000e+00 0.000000000000000000e+00 0.000000000000000000e+00
0.000000000000000000e+00 0.000000000000000000e+00 0.000000000000000000e+00
0.000000000000000000e+00 0.000000000000000000e+00 0.000000000000000000e+00
0.000000000000000000e+00 0.000000000000000000e+00 0.000000000000000000e+00
0.000000000000000000e+00 0.000000000000000000e+00 0.000000000000000000e+00
0.000000000000000000e+00 0.000000000000000000e+00 0.000000000000000000e+00
0.000000000000000000e+00 0.000000000000000000e+00 0.000000000000000000e+00
0.000000000000000000e+00 0.000000000000000000e+00 0.000000000000000000e+00
6.193447737909515638e+00 3.373684210526316221e-08 5.807213874468128978e+00
5.712230215827337254e+00 3.657894736842105592e-08 4.856215176135658673e+00
5.300400534045393464e+00 3.942105263157894964e-08 4.092043141260113259e+00
4.943960149439600826e+00 4.226315789473684336e-08 3.454109612334416379e+00
4.632438739789964899e+00 4.510526315789473707e-08 2.923471305093206851e+00
4.357848518111964609e+00 4.794736842105263079e-08 2.477089429160917788e+00
4.113989637305698999e+00 5.078947368421053112e-08 2.104520416167026564e+00
3.895976447497546236e+00 5.363157894736842484e-08 1.792191669000825271e+00
3.699906803355078821e+00 5.647368421052631856e-08 1.533695645718192058e+00
3.522626441881099968e+00 5.931578947368421227e-08 1.321052171224495808e+00
3.361558001693480069e+00 6.215789473684210599e-08 1.141553945481119658e+00
3.214574898785425017e+00 6.499999999999999971e-08 9.825386572588357126e-01
0.000000000000000000e+00 0.000000000000000000e+00 0.000000000000000000e+00
0.000000000000000000e+00 0.000000000000000000e+00 0.000000000000000000e+00
0.000000000000000000e+00 0.000000000000000000e+00 0.000000000000000000e+00
0.000000000000000000e+00 0.000000000000000000e+00 0.000000000000000000e+00
0.000000000000000000e+00 0.000000000000000000e+00 0.000000000000000000e+00
0.000000000000000000e+00 0.000000000000000000e+00 0.000000000000000000e+00
0.000000000000000000e+00 0.000000000000000000e+00 0.000000000000000000e+00
0.000000000000000000e+00 0.000000000000000000e+00 0.000000000000000000e+00
0.000000000000000000e+00 0.000000000000000000e+00 0.000000000000000000e+00
0.000000000000000000e+00 0.000000000000000000e+00 0.000000000000000000e+00
5.867823765020026450e+00 3.942105263157894964e-08 5.722960721589005928e+00
5.473225404732254162e+00 4.226315789473684336e-08 4.898988043164633766e+00
5.128354725787630741e+00 4.510526315789473707e-08 4.211609496048110302e+00
4.824368825466520683e+00 4.794736842105263079e-08 3.635517219113904908e+00
4.554404145077719512e+00 5.078947368421053112e-08 3.151070385344635127e+00
4.313052011776250971e+00 5.363157894736842484e-08 2.766181709316820836e+00
4.095992544268406199e+00 5.647368421052631856e-08 2.458129083587286878e+00
3.899733806566104466e+00 5.931578947368421227e-08 2.183125068972027627e+00
3.721422523285351058e+00 6.215789473684210599e-08 1.937018532262594572e+00
3.558704453441295268e+00 6.499999999999999971e-08 1.716284674564048984e+00
0.000000000000000000e+00 0.000000000000000000e+00 0.000000000000000000e+00
0.000000000000000000e+00 0.000000000000000000e+00 0.000000000000000000e+00
0.000000000000000000e+00 0.000000000000000000e+00 0.000000000000000000e+00
0.000000000000000000e+00 0.000000000000000000e+00 0.000000000000000000e+00
0.000000000000000000e+00 0.000000000000000000e+00 0.000000000000000000e+00
0.000000000000000000e+00 0.000000000000000000e+00 0.000000000000000000e+00
0.000000000000000000e+00 0.000000000000000000e+00 0.000000000000000000e+00
0.000000000000000000e+00 0.000000000000000000e+00 0.000000000000000000e+00
0.000000000000000000e+00 0.000000000000000000e+00 0.000000000000000000e+00
0.000000000000000000e+00 0.000000000000000000e+00 0.000000000000000000e+00
0.000000000000000000e+00 0.000000000000000000e+00 0.000000000000000000e+00
0.000000000000000000e+00 0.000000000000000000e+00 0.000000000000000000e+00
5.624270711785297472e+00 4.510526315789473707e-08 5.503882765635989216e+00
5.290889132821075869e+00 4.794736842105263079e-08 4.854354050225188288e+00
4.994818652849740026e+00 5.078947368421053112e-08 4.355732503546990486e+00
4.730127576054955263e+00 5.363157894736842484e-08 3.916749438266869277e+00
4.492078285181733577e+00 5.647368421052631856e-08 3.524346774814024030e+00
4.276841171251108520e+00 5.931578947368421227e-08 3.174538013764208522e+00
4.081287044877222492e+00 6.215789473684210599e-08 2.860674023258507948e+00
3.902834008097165963e+00 6.499999999999999971e-08 2.582845800850138929e+00
0.000000000000000000e+00 0.000000000000000000e+00 0.000000000000000000e+00
0.000000000000000000e+00 0.000000000000000000e+00 0.000000000000000000e+00
0.000000000000000000e+00 0.000000000000000000e+00 0.000000000000000000e+00
0.000000000000000000e+00 0.000000000000000000e+00 0.000000000000000000e+00
0.000000000000000000e+00 0.000000000000000000e+00 0.000000000000000000e+00
0.000000000000000000e+00 0.000000000000000000e+00 0.000000000000000000e+00
0.000000000000000000e+00 0.000000000000000000e+00 0.000000000000000000e+00
0.000000000000000000e+00 0.000000000000000000e+00 0.000000000000000000e+00
0.000000000000000000e+00 0.000000000000000000e+00 0.000000000000000000e+00
0.000000000000000000e+00 0.000000000000000000e+00 0.000000000000000000e+00
0.000000000000000000e+00 0.000000000000000000e+00 0.000000000000000000e+00
0.000000000000000000e+00 0.000000000000000000e+00 0.000000000000000000e+00
0.000000000000000000e+00 0.000000000000000000e+00 0.000000000000000000e+00
5.757409440175631055e+00 4.794736842105263079e-08 6.208771174789307068e+00
5.435233160621760540e+00 5.078947368421053112e-08 5.605978130173232543e+00
5.147203140333659555e+00 5.363157894736842484e-08 5.071795304767649171e+00
4.888164026095060066e+00 5.647368421052631856e-08 4.597942580897222520e+00
4.653948535936113018e+00 5.931578947368421227e-08 4.175427956894314896e+00
4.441151566469093481e+00 6.215789473684210599e-08 3.800169326857949059e+00
4.246963562753036214e+00 6.499999999999999971e-08 3.466778266528863561e+00
0.000000000000000000e+00 0.000000000000000000e+00 0.000000000000000000e+00
0.000000000000000000e+00 0.000000000000000000e+00 0.000000000000000000e+00
0.000000000000000000e+00 0.000000000000000000e+00 0.000000000000000000e+00
0.000000000000000000e+00 0.000000000000000000e+00 0.000000000000000000e+00
0.000000000000000000e+00 0.000000000000000000e+00 0.000000000000000000e+00
0.000000000000000000e+00 0.000000000000000000e+00 0.000000000000000000e+00
0.000000000000000000e+00 0.000000000000000000e+00 0.000000000000000000e+00
0.000000000000000000e+00 0.000000000000000000e+00 0.000000000000000000e+00
0.000000000000000000e+00 0.000000000000000000e+00 0.000000000000000000e+00
0.000000000000000000e+00 0.000000000000000000e+00 0.000000000000000000e+00
0.000000000000000000e+00 0.000000000000000000e+00 0.000000000000000000e+00
0.000000000000000000e+00 0.000000000000000000e+00 0.000000000000000000e+00
0.000000000000000000e+00 0.000000000000000000e+00 0.000000000000000000e+00
0.000000000000000000e+00 0.000000000000000000e+00 0.000000000000000000e+00
0.000000000000000000e+00 0.000000000000000000e+00 0.000000000000000000e+00
5.564278704612363846e+00 5.363157894736842484e-08 6.149095539630466511e+00
5.284249767008386556e+00 5.647368421052631856e-08 5.598279062004376527e+00
5.031055900621116628e+00 5.931578947368421227e-08 5.110629758721581872e+00
4.801016088060964471e+00 6.215789473684210599e-08 4.677445653183359475e+00
4.591093117408906465e+00 6.499999999999999971e-08 4.375716988609958946e+00
0.000000000000000000e+00 0.000000000000000000e+00 0.000000000000000000e+00
0.000000000000000000e+00 0.000000000000000000e+00 0.000000000000000000e+00
0.000000000000000000e+00 0.000000000000000000e+00 0.000000000000000000e+00
0.000000000000000000e+00 0.000000000000000000e+00 0.000000000000000000e+00
0.000000000000000000e+00 0.000000000000000000e+00 0.000000000000000000e+00
0.000000000000000000e+00 0.000000000000000000e+00 0.000000000000000000e+00
0.000000000000000000e+00 0.000000000000000000e+00 0.000000000000000000e+00
0.000000000000000000e+00 0.000000000000000000e+00 0.000000000000000000e+00
0.000000000000000000e+00 0.000000000000000000e+00 0.000000000000000000e+00
0.000000000000000000e+00 0.000000000000000000e+00 0.000000000000000000e+00
0.000000000000000000e+00 0.000000000000000000e+00 0.000000000000000000e+00
0.000000000000000000e+00 0.000000000000000000e+00 0.000000000000000000e+00
0.000000000000000000e+00 0.000000000000000000e+00 0.000000000000000000e+00
0.000000000000000000e+00 0.000000000000000000e+00 0.000000000000000000e+00
0.000000000000000000e+00 0.000000000000000000e+00 0.000000000000000000e+00
0.000000000000000000e+00 0.000000000000000000e+00 0.000000000000000000e+00
0.000000000000000000e+00 0.000000000000000000e+00 0.000000000000000000e+00
5.408163265306122902e+00 5.931578947368421227e-08 6.016992021421488701e+00
5.160880609652837236e+00 6.215789473684210599e-08 5.559667317094056926e+00
4.935222672064777605e+00 6.499999999999999971e-08 5.324043483282265399e+00
0.000000000000000000e+00 0.000000000000000000e+00 0.000000000000000000e+00
0.000000000000000000e+00 0.000000000000000000e+00 0.000000000000000000e+00
0.000000000000000000e+00 0.000000000000000000e+00 0.000000000000000000e+00
0.000000000000000000e+00 0.000000000000000000e+00 0.000000000000000000e+00
0.000000000000000000e+00 0.000000000000000000e+00 0.000000000000000000e+00
0.000000000000000000e+00 0.000000000000000000e+00 0.000000000000000000e+00
0.000000000000000000e+00 0.000000000000000000e+00 0.000000000000000000e+00
0.000000000000000000e+00 0.000000000000000000e+00 0.000000000000000000e+00
0.000000000000000000e+00 0.000000000000000000e+00 0.000000000000000000e+00
0.000000000000000000e+00 0.000000000000000000e+00 0.000000000000000000e+00
0.000000000000000000e+00 0.000000000000000000e+00 0.000000000000000000e+00
0.000000000000000000e+00 0.000000000000000000e+00 0.000000000000000000e+00
0.000000000000000000e+00 0.000000000000000000e+00 0.000000000000000000e+00
0.000000000000000000e+00 0.000000000000000000e+00 0.000000000000000000e+00
0.000000000000000000e+00 0.000000000000000000e+00 0.000000000000000000e+00
0.000000000000000000e+00 0.000000000000000000e+00 0.000000000000000000e+00
0.000000000000000000e+00 0.000000000000000000e+00 0.000000000000000000e+00
0.000000000000000000e+00 0.000000000000000000e+00 0.000000000000000000e+00
0.000000000000000000e+00 0.000000000000000000e+00 0.000000000000000000e+00
0.000000000000000000e+00 0.000000000000000000e+00 0.000000000000000000e+00
0.000000000000000000e+00 0.000000000000000000e+00 0.000000000000000000e+00
0.000000000000000000e+00 0.000000000000000000e+00 0.000000000000000000e+00
0.000000000000000000e+00 0.000000000000000000e+00 0.000000000000000000e+00
0.000000000000000000e+00 0.000000000000000000e+00 0.000000000000000000e+00
0.000000000000000000e+00 0.000000000000000000e+00 0.000000000000000000e+00
0.000000000000000000e+00 0.000000000000000000e+00 0.000000000000000000e+00
0.000000000000000000e+00 0.000000000000000000e+00 0.000000000000000000e+00
0.000000000000000000e+00 0.000000000000000000e+00 0.000000000000000000e+00
0.000000000000000000e+00 0.000000000000000000e+00 0.000000000000000000e+00
0.000000000000000000e+00 0.000000000000000000e+00 0.000000000000000000e+00
0.000000000000000000e+00 0.000000000000000000e+00 0.000000000000000000e+00
0.000000000000000000e+00 0.000000000000000000e+00 0.000000000000000000e+00
0.000000000000000000e+00 0.000000000000000000e+00 0.000000000000000000e+00
0.000000000000000000e+00 0.000000000000000000e+00 0.000000000000000000e+00
0.000000000000000000e+00 0.000000000000000000e+00 0.000000000000000000e+00
0.000000000000000000e+00 0.000000000000000000e+00 0.000000000000000000e+00
0.000000000000000000e+00 0.000000000000000000e+00 0.000000000000000000e+00
0.000000000000000000e+00 0.000000000000000000e+00 0.000000000000000000e+00
0.000000000000000000e+00 0.000000000000000000e+00 0.000000000000000000e+00
0.000000000000000000e+00 0.000000000000000000e+00 0.000000000000000000e+00
0.000000000000000000e+00 0.000000000000000000e+00 0.000000000000000000e+00
0.000000000000000000e+00 0.000000000000000000e+00 0.000000000000000000e+00
0.000000000000000000e+00 0.000000000000000000e+00 0.000000000000000000e+00
0.000000000000000000e+00 0.000000000000000000e+00 0.000000000000000000e+00
0.000000000000000000e+00 0.000000000000000000e+00 0.000000000000000000e+00
0.000000000000000000e+00 0.000000000000000000e+00 0.000000000000000000e+00
0.000000000000000000e+00 0.000000000000000000e+00 0.000000000000000000e+00
0.000000000000000000e+00 0.000000000000000000e+00 0.000000000000000000e+00
0.000000000000000000e+00 0.000000000000000000e+00 0.000000000000000000e+00
0.000000000000000000e+00 0.000000000000000000e+00 0.000000000000000000e+00
0.000000000000000000e+00 0.000000000000000000e+00 0.000000000000000000e+00
0.000000000000000000e+00 0.000000000000000000e+00 0.000000000000000000e+00
0.000000000000000000e+00 0.000000000000000000e+00 0.000000000000000000e+00
0.000000000000000000e+00 0.000000000000000000e+00 0.000000000000000000e+00
0.000000000000000000e+00 0.000000000000000000e+00 0.000000000000000000e+00
0.000000000000000000e+00 0.000000000000000000e+00 0.000000000000000000e+00
0.000000000000000000e+00 0.000000000000000000e+00 0.000000000000000000e+00
0.000000000000000000e+00 0.000000000000000000e+00 0.000000000000000000e+00
0.000000000000000000e+00 0.000000000000000000e+00 0.000000000000000000e+00
0.000000000000000000e+00 0.000000000000000000e+00 0.000000000000000000e+00
0.000000000000000000e+00 0.000000000000000000e+00 0.000000000000000000e+00
0.000000000000000000e+00 0.000000000000000000e+00 0.000000000000000000e+00
0.000000000000000000e+00 0.000000000000000000e+00 0.000000000000000000e+00
0.000000000000000000e+00 0.000000000000000000e+00 0.000000000000000000e+00
0.000000000000000000e+00 0.000000000000000000e+00 0.000000000000000000e+00
0.000000000000000000e+00 0.000000000000000000e+00 0.000000000000000000e+00
0.000000000000000000e+00 0.000000000000000000e+00 0.000000000000000000e+00
0.000000000000000000e+00 0.000000000000000000e+00 0.000000000000000000e+00
0.000000000000000000e+00 0.000000000000000000e+00 0.000000000000000000e+00
0.000000000000000000e+00 0.000000000000000000e+00 0.000000000000000000e+00
0.000000000000000000e+00 0.000000000000000000e+00 0.000000000000000000e+00
0.000000000000000000e+00 0.000000000000000000e+00 0.000000000000000000e+00
0.000000000000000000e+00 0.000000000000000000e+00 0.000000000000000000e+00
0.000000000000000000e+00 0.000000000000000000e+00 0.000000000000000000e+00
0.000000000000000000e+00 0.000000000000000000e+00 0.000000000000000000e+00
0.000000000000000000e+00 0.000000000000000000e+00 0.000000000000000000e+00
0.000000000000000000e+00 0.000000000000000000e+00 0.000000000000000000e+00
0.000000000000000000e+00 0.000000000000000000e+00 0.000000000000000000e+00
0.000000000000000000e+00 0.000000000000000000e+00 0.000000000000000000e+00
0.000000000000000000e+00 0.000000000000000000e+00 0.000000000000000000e+00
0.000000000000000000e+00 0.000000000000000000e+00 0.000000000000000000e+00
0.000000000000000000e+00 0.000000000000000000e+00 0.000000000000000000e+00
0.000000000000000000e+00 0.000000000000000000e+00 0.000000000000000000e+00
0.000000000000000000e+00 0.000000000000000000e+00 0.000000000000000000e+00
0.000000000000000000e+00 0.000000000000000000e+00 0.000000000000000000e+00
0.000000000000000000e+00 0.000000000000000000e+00 0.000000000000000000e+00
0.000000000000000000e+00 0.000000000000000000e+00 0.000000000000000000e+00
0.000000000000000000e+00 0.000000000000000000e+00 0.000000000000000000e+00
0.000000000000000000e+00 0.000000000000000000e+00 0.000000000000000000e+00
0.000000000000000000e+00 0.000000000000000000e+00 0.000000000000000000e+00
0.000000000000000000e+00 0.000000000000000000e+00 0.000000000000000000e+00
0.000000000000000000e+00 0.000000000000000000e+00 0.000000000000000000e+00
0.000000000000000000e+00 0.000000000000000000e+00 0.000000000000000000e+00
0.000000000000000000e+00 0.000000000000000000e+00 0.000000000000000000e+00
0.000000000000000000e+00 0.000000000000000000e+00 0.000000000000000000e+00
0.000000000000000000e+00 0.000000000000000000e+00 0.000000000000000000e+00
0.000000000000000000e+00 0.000000000000000000e+00 0.000000000000000000e+00
0.000000000000000000e+00 0.000000000000000000e+00 0.000000000000000000e+00
0.000000000000000000e+00 0.000000000000000000e+00 0.000000000000000000e+00
0.000000000000000000e+00 0.000000000000000000e+00 0.000000000000000000e+00
0.000000000000000000e+00 0.000000000000000000e+00 0.000000000000000000e+00
0.000000000000000000e+00 0.000000000000000000e+00 0.000000000000000000e+00
0.000000000000000000e+00 0.000000000000000000e+00 0.000000000000000000e+00
0.000000000000000000e+00 0.000000000000000000e+00 0.000000000000000000e+00
0.000000000000000000e+00 0.000000000000000000e+00 0.000000000000000000e+00
0.000000000000000000e+00 0.000000000000000000e+00 0.000000000000000000e+00
0.000000000000000000e+00 0.000000000000000000e+00 0.000000000000000000e+00
0.000000000000000000e+00 0.000000000000000000e+00 0.000000000000000000e+00
0.000000000000000000e+00 0.000000000000000000e+00 0.000000000000000000e+00
0.000000000000000000e+00 0.000000000000000000e+00 0.000000000000000000e+00
0.000000000000000000e+00 0.000000000000000000e+00 0.000000000000000000e+00
0.000000000000000000e+00 0.000000000000000000e+00 0.000000000000000000e+00
0.000000000000000000e+00 0.000000000000000000e+00 0.000000000000000000e+00
0.000000000000000000e+00 0.000000000000000000e+00 0.000000000000000000e+00
0.000000000000000000e+00 0.000000000000000000e+00 0.000000000000000000e+00
0.000000000000000000e+00 0.000000000000000000e+00 0.000000000000000000e+00
0.000000000000000000e+00 0.000000000000000000e+00 0.000000000000000000e+00
0.000000000000000000e+00 0.000000000000000000e+00 0.000000000000000000e+00
0.000000000000000000e+00 0.000000000000000000e+00 0.000000000000000000e+00
0.000000000000000000e+00 0.000000000000000000e+00 0.000000000000000000e+00
