0.000000000000000000e+00 0.000000000000000000e+00 0.000000000000000000e+00
0.000000000000000000e+00 0.000000000000000000e+00 0.000000000000000000e+00
0.000000000000000000e+00 0.000000000000000000e+00 0.000000000000000000e+00
0.000000000000000000e+00 0.000000000000000000e+00 0.000000000000000000e+00
0.000000000000000000e+00 0.000000000000000000e+00 0.000000000000000000e+00
0.000000000000000000e+00 0.000000000000000000e+00 0.000000000000000000e+00
0.000000000000000000e+00 0.000000000000000000e+00 0.000000000000000000e+00
0.000000000000000000e+00 0.000000000000000000e+00 0.000000000000000000e+00
0.000000000000000000e+00 0.000000000000000000e+00 0.000000000000000000e+00
2.089999999999999858e+00 2.631578947368421456e-08 2.885988226984355975e+00
1.917431192660550732e+00 2.868421052631578825e-08 1.295905822611277403e+00
1.771186440677966267e+00 3.105263157894736855e-08 4.109745085903762640e-01
1.645669291338582640e+00 3.342105263157894885e-08 9.321579609413566114e-02
1.536764705882352811e+00 3.578947368421052915e-08 2.288239593147362028e-01
1.441379310344827802e+00 3.815789473684210284e-08 7.233512882478289052e-01
1.357142857142857206e+00 4.052631578947368314e-08 1.498322775338044810e+00
1.282208588957055362e+00 4.289473684210526345e-08 2.488645459968075180e+00
1.215116279069767380e+00 4.526315789473684375e-08 3.640509990311537880e+00
0.000000000000000000e+00 0.000000000000000000e+00 0.000000000000000000e+00
0.000000000000000000e+00 0.000000000000000000e+00 0.000000000000000000e+00
0.000000000000000000e+00 0.000000000000000000e+00 0.000000000000000000e+00
0.000000000000000000e+00 0.000000000000000000e+00 0.000000000000000000e+00
0.000000000000000000e+00 0.000000000000000000e+00 0.000000000000000000e+00
0.000000000000000000e+00 0.000000000000000000e+00 0.000000000000000000e+00
0.000000000000000000e+00 0.000000000000000000e+00 0.000000000000000000e+00
0.000000000000000000e+00 0.000000000000000000e+00 0.000000000000000000e+00
0.000000000000000000e+00 0.000000000000000000e+00 0.000000000000000000e+00
0.000000000000000000e+00 0.000000000000000000e+00 0.000000000000000000e+00
0.000000000000000000e+00 0.000000000000000000e+00 0.000000000000000000e+00
2.161999999999999478e+00 2.631578947368421456e-08 2.939896063294720197e+00
1.983486238532110146e+00 2.868421052631578825e-08 1.308614822532252697e+00
1.832203389830508566e+00 3.105263157894736855e-08 3.819825333297235392e-01
1.702362204724409356e+00 3.342105263157894885e-08 2.400142433662946079e-02
1.589705882352941080e+00 3.578947368421052915e-08 1.223107602793387094e-01
1.491034482758620827e+00 3.815789473684210284e-08 5.833965030594689960e-01
1.403896103896103975e+00 4.052631578947368314e-08 1.329285382590928322e+00
1.326380368098159401e+00 4.289473684210526345e-08 2.295048361658071467e+00
1.256976744186046435e+00 4.526315789473684375e-08 3.426791075076948356e+00
0.000000000000000000e+00 0.000000000000000000e+00 0.000000000000000000e+00
0.000000000000000000e+00 0.000000000000000000e+00 0.000000000000000000e+00
0.000000000000000000e+00 0.000000000000000000e+00 0.000000000000000000e+00
0.000000000000000000e+00 0.000000000000000000e+00 0.000000000000000000e+00
0.000000000000000000e+00 0.000000000000000000e+00 0.000000000000000000e+00
0.000000000000000000e+00 0.000000000000000000e+00 0.000000000000000000e+00
0.000000000000000000e+00 0.000000000000000000e+00 0.000000000000000000e+00
0.000000000000000000e+00 0.000000000000000000e+00 0.000000000000000000e+00
0.000000000000000000e+00 0.000000000000000000e+00 0.000000000000000000e+00
0.000000000000000000e+00 0.000000000000000000e+00 0.000000000000000000e+00
0.000000000000000000e+00 0.000000000000000000e+00 0.000000000000000000e+00
2.233999999999999986e+00 2.631578947368421456e-08 3.026477731544866767e+00
2.049541284403670005e+00 2.868421052631578825e-08 1.358790154347591317e+00
1.893220338983050866e+00 3.105263157894736855e-08 3.946406871904799551e-01
0.000000000000000000e+00 0.000000000000000000e+00 0.000000000000000000e+00
1.642647058823529349e+00 3.578947368421052915e-08 6.398954371817711095e-02
1.540689655172414074e+00 3.815789473684210284e-08 4.940935995193689312e-01
1.450649350649350744e+00 4.052631578947368314e-08 1.212917212522262034e+00
1.370552147239263885e+00 4.289473684210526345e-08 2.155773835516466175e+00
1.298837209302325713e+00 4.526315789473684375e-08 3.268758819245219716e+00
1.234254143646408730e+00 4.763157894736842405e-08 4.507143211472813604e+00
0.000000000000000000e+00 0.000000000000000000e+00 0.000000000000000000e+00
0.000000000000000000e+00 0.000000000000000000e+00 0.000000000000000000e+00
0.000000000000000000e+00 0.000000000000000000e+00 0.000000000000000000e+00
0.000000000000000000e+00 0.000000000000000000e+00 0.000000000000000000e+00
0.000000000000000000e+00 0.000000000000000000e+00 0.000000000000000000e+00
0.000000000000000000e+00 0.000000000000000000e+00 0.000000000000000000e+00
0.000000000000000000e+00 0.000000000000000000e+00 0.000000000000000000e+00
0.000000000000000000e+00 0.000000000000000000e+00 0.000000000000000000e+00
0.000000000000000000e+00 0.000000000000000000e+00 0.000000000000000000e+00
0.000000000000000000e+00 0.000000000000000000e+00 0.000000000000000000e+00
2.305999999999999606e+00 2.631578947368421456e-08 3.142115426399395339e+00
2.115596330275229420e+00 2.868421052631578825e-08 1.442527607917859944e+00
1.954237288135593165e+00 3.105263157894736855e-08 4.448237801125654589e-01
1.815748031496063009e+00 3.342105263157894885e-08 1.691847723491624739e-02
1.695588235294117618e+00 3.578947368421052915e-08 4.944015384735266777e-02
1.590344827586207099e+00 3.815789473684210284e-08 4.509249628384998654e-01
1.497402597402597513e+00 4.052631578947368314e-08 1.144623527933709806e+00
1.414723926380368146e+00 4.289473684210526345e-08 2.066162858714126749e+00
1.340697674418604546e+00 4.526315789473684375e-08 3.161696890253396841e+00
1.274033149171270640e+00 4.763157894736842405e-08 4.386369491298048651e+00
0.000000000000000000e+00 0.000000000000000000e+00 0.000000000000000000e+00
0.000000000000000000e+00 0.000000000000000000e+00 0.000000000000000000e+00
0.000000000000000000e+00 0.000000000000000000e+00 0.000000000000000000e+00
0.000000000000000000e+00 0.000000000000000000e+00 0.000000000000000000e+00
0.000000000000000000e+00 0.000000000000000000e+00 0.000000000000000000e+00
0.000000000000000000e+00 0.000000000000000000e+00 0.000000000000000000e+00
0.000000000000000000e+00 0.000000000000000000e+00 0.000000000000000000e+00
0.000000000000000000e+00 0.000000000000000000e+00 0.000000000000000000e+00
0.000000000000000000e+00 0.000000000000000000e+00 0.000000000000000000e+00
0.000000000000000000e+00 0.000000000000000000e+00 0.000000000000000000e+00
2.377999999999999670e+00 2.631578947368421456e-08 3.283602428338820545e+00
2.181651376146789278e+00 2.868421052631578825e-08 1.556352508377063737e+00
2.015254237288135908e+00 3.105263157894736855e-08 5.288492007410510176e-01
1.872440944881889724e+00 3.342105263157894885e-08 7.091581429198079434e-02
1.748529411764705888e+00 3.578947368421052915e-08 7.470164278804172775e-02
1.640000000000000124e+00 3.815789473684210284e-08 4.498381971188568640e-01
1.544155844155844282e+00 4.052631578947368314e-08 1.120280357432866802e+00
1.458895705521472408e+00 4.289473684210526345e-08 2.022032757009724513e+00
1.382558139534883823e+00 4.526315789473684375e-08 3.101371253561564068e+00
1.313812154696132550e+00 4.763157894736842405e-08 4.313371649940503261e+00
0.000000000000000000e+00 0.000000000000000000e+00 0.000000000000000000e+00
0.000000000000000000e+00 0.000000000000000000e+00 0.000000000000000000e+00
0.000000000000000000e+00 0.000000000000000000e+00 0.000000000000000000e+00
0.000000000000000000e+00 0.000000000000000000e+00 0.000000000000000000e+00
0.000000000000000000e+00 0.000000000000000000e+00 0.000000000000000000e+00
0.000000000000000000e+00 0.000000000000000000e+00 0.000000000000000000e+00
0.000000000000000000e+00 0.000000000000000000e+00 0.000000000000000000e+00
0.000000000000000000e+00 0.000000000000000000e+00 0.000000000000000000e+00
0.000000000000000000e+00 0.000000000000000000e+00 0.000000000000000000e+00
0.000000000000000000e+00 0.000000000000000000e+00 0.000000000000000000e+00
2.449999999999999734e+00 2.631578947368421456e-08 3.448089408708248982e+00
2.247706422018349137e+00 2.868421052631578825e-08 1.697164555533211994e+00
2.076271186440678207e+00 3.105263157894736855e-08 6.434207089940239266e-01
1.929133858267716661e+00 3.342105263157894885e-08 1.585459368736810704e-01
1.801470588235294157e+00 3.578947368421052915e-08 1.362144899544664445e-01
1.689655172413793371e+00 3.815789473684210284e-08 4.871876028124203506e-01
1.590909090909091050e+00 4.052631578947368314e-08 1.136175182786749671e+00
1.503067484662576891e+00 4.289473684210526345e-08 2.019617025326691628e+00
1.424418604651162878e+00 4.526315789473684375e-08 3.083969035752166299e+00
1.353591160220994460e+00 4.763157894736842405e-08 4.284294007525546455e+00
0.000000000000000000e+00 0.000000000000000000e+00 0.000000000000000000e+00
0.000000000000000000e+00 0.000000000000000000e+00 0.000000000000000000e+00
0.000000000000000000e+00 0.000000000000000000e+00 0.000000000000000000e+00
0.000000000000000000e+00 0.000000000000000000e+00 0.000000000000000000e+00
0.000000000000000000e+00 0.000000000000000000e+00 0.000000000000000000e+00
0.000000000000000000e+00 0.000000000000000000e+00 0.000000000000000000e+00
0.000000000000000000e+00 0.000000000000000000e+00 0.000000000000000000e+00
0.000000000000000000e+00 0.000000000000000000e+00 0.000000000000000000e+00
0.000000000000000000e+00 0.000000000000000000e+00 0.000000000000000000e+00
0.000000000000000000e+00 0.000000000000000000e+00 0.000000000000000000e+00
2.521999999999999353e+00 2.631578947368421456e-08 3.633038856105323955e+00
2.313761467889908108e+00 2.868421052631578825e-08 1.862190943871801618e+00
2.137288135593220506e+00 3.105263157894736855e-08 7.855806381243649605e-01
1.985826771653543155e+00 3.342105263157894885e-08 2.767092307532579287e-01
1.854411764705882204e+00 3.578947368421052915e-08 2.307714733082379954e-01
1.739310344827586174e+00 3.815789473684210284e-08 5.596844378529528541e-01
1.637662337662337597e+00 4.052631578947368314e-08 1.188956554074683147e+00
1.547239263803680931e+00 4.289473684210526345e-08 2.055514233712591121e+00
1.466279069767441712e+00 4.526315789473684375e-08 3.106046643859044831e+00
1.393370165745856148e+00 4.763157894736842405e-08 4.295654766041194783e+00
0.000000000000000000e+00 0.000000000000000000e+00 0.000000000000000000e+00
0.000000000000000000e+00 0.000000000000000000e+00 0.000000000000000000e+00
0.000000000000000000e+00 0.000000000000000000e+00 0.000000000000000000e+00
0.000000000000000000e+00 0.000000000000000000e+00 0.000000000000000000e+00
0.000000000000000000e+00 0.000000000000000000e+00 0.000000000000000000e+00
0.000000000000000000e+00 0.000000000000000000e+00 0.000000000000000000e+00
0.000000000000000000e+00 0.000000000000000000e+00 0.000000000000000000e+00
0.000000000000000000e+00 0.000000000000000000e+00 0.000000000000000000e+00
0.000000000000000000e+00 0.000000000000000000e+00 0.000000000000000000e+00
0.000000000000000000e+00 0.000000000000000000e+00 0.000000000000000000e+00
2.593999999999999861e+00 2.631578947368421456e-08 3.836186219213936877e+00
2.379816513761467967e+00 2.868421052631578825e-08 2.048946333913401752e+00
2.198305084745762805e+00 3.105263157894736855e-08 9.526690544350320256e-01
2.042519685039370092e+00 3.342105263157894885e-08 4.226110887767706159e-01
1.907352941176470473e+00 3.578947368421052915e-08 3.554756930377925839e-01
1.788965517241379422e+00 3.815789473684210284e-08 6.643544364850751949e-01
1.684415584415584588e+00 4.052631578947368314e-08 1.275591078025904546e+00
1.591411042944785414e+00 4.289473684210526345e-08 2.126644433384036859e+00
1.508139534883720989e+00 4.526315789473684375e-08 3.164485523162938740e+00
1.433149171270718281e+00 4.763157894736842405e-08 4.344301046934901045e+00
0.000000000000000000e+00 0.000000000000000000e+00 0.000000000000000000e+00
0.000000000000000000e+00 0.000000000000000000e+00 0.000000000000000000e+00
0.000000000000000000e+00 0.000000000000000000e+00 0.000000000000000000e+00
0.000000000000000000e+00 0.000000000000000000e+00 0.000000000000000000e+00
0.000000000000000000e+00 0.000000000000000000e+00 0.000000000000000000e+00
0.000000000000000000e+00 0.000000000000000000e+00 0.000000000000000000e+00
0.000000000000000000e+00 0.000000000000000000e+00 0.000000000000000000e+00
0.000000000000000000e+00 0.000000000000000000e+00 0.000000000000000000e+00
0.000000000000000000e+00 0.000000000000000000e+00 0.000000000000000000e+00
0.000000000000000000e+00 0.000000000000000000e+00 0.000000000000000000e+00
2.665999999999999925e+00 2.631578947368421456e-08 4.055506634727713333e+00
2.445871559633027825e+00 2.868421052631578825e-08 2.255198524031281071e+00
2.259322033898305104e+00 3.105263157894736855e-08 1.142288705975515350e+00
2.099212598425197029e+00 3.342105263157894885e-08 5.937263255746871859e-01
1.960294117647058743e+00 3.578947368421052915e-08 5.077045418034633606e-01
1.838620689655172669e+00 3.815789473684210284e-08 7.985013591232759111e-01
1.731168831168831357e+00 4.052631578947368314e-08 1.393326530295064147e+00
1.635582822085889676e+00 4.289473684210526345e-08 2.230211789307890768e+00
1.550000000000000044e+00 4.526315789473684375e-08 3.256454254014295557e+00
1.472928176795580191e+00 4.763157894736842405e-08 4.427370389645346016e+00
0.000000000000000000e+00 0.000000000000000000e+00 0.000000000000000000e+00
0.000000000000000000e+00 0.000000000000000000e+00 0.000000000000000000e+00
0.000000000000000000e+00 0.000000000000000000e+00 0.000000000000000000e+00
0.000000000000000000e+00 0.000000000000000000e+00 0.000000000000000000e+00
0.000000000000000000e+00 0.000000000000000000e+00 0.000000000000000000e+00
0.000000000000000000e+00 0.000000000000000000e+00 0.000000000000000000e+00
0.000000000000000000e+00 0.000000000000000000e+00 0.000000000000000000e+00
0.000000000000000000e+00 0.000000000000000000e+00 0.000000000000000000e+00
0.000000000000000000e+00 0.000000000000000000e+00 0.000000000000000000e+00
0.000000000000000000e+00 0.000000000000000000e+00 0.000000000000000000e+00
2.737999999999999545e+00 2.631578947368421456e-08 4.289186323502233833e+00
2.511926605504587240e+00 2.868421052631578825e-08 2.478938890041040288e+00
2.320338983050847403e+00 3.105263157894736855e-08 1.352274813429802380e+00
2.155905511811023523e+00 3.342105263157894885e-08 7.877684990518585284e-01
2.013235294117647012e+00 3.578947368421052915e-08 6.850786455467149372e-01
1.888275862068965472e+00 3.815789473684210284e-08 9.596755808414629829e-01
1.777922077922077904e+00 4.052631578947368314e-08 1.539660081398623648e+00
1.679754601226993715e+00 4.289473684210526345e-08 2.363672409677664898e+00
1.591860465116278878e+00 4.526315789473684375e-08 3.379375937330989288e+00
1.512707182320441879e+00 4.763157894736842405e-08 4.542257638829120481e+00
0.000000000000000000e+00 0.000000000000000000e+00 0.000000000000000000e+00
0.000000000000000000e+00 0.000000000000000000e+00 0.000000000000000000e+00
0.000000000000000000e+00 0.000000000000000000e+00 0.000000000000000000e+00
0.000000000000000000e+00 0.000000000000000000e+00 0.000000000000000000e+00
0.000000000000000000e+00 0.000000000000000000e+00 0.000000000000000000e+00
0.000000000000000000e+00 0.000000000000000000e+00 0.000000000000000000e+00
0.000000000000000000e+00 0.000000000000000000e+00 0.000000000000000000e+00
0.000000000000000000e+00 0.000000000000000000e+00 0.000000000000000000e+00
0.000000000000000000e+00 0.000000000000000000e+00 0.000000000000000000e+00
0.000000000000000000e+00 0.000000000000000000e+00 0.000000000000000000e+00
2.809999999999999609e+00 2.631578947368421456e-08 4.535597907485287017e+00
2.577981651376147099e+00 2.868421052631578825e-08 2.718356832150573332e+00
2.381355932203389703e+00 3.105263157894736855e-08 1.580668931514949138e+00
2.212598425196850460e+00 3.342105263157894885e-08 1.002663355792172473e+00
2.066176470588235059e+00 3.578947368421052915e-08 8.854349801106182749e-01
1.937931034482758719e+00 3.815789473684210284e-08 1.145646910756876080e+00
1.824675324675324672e+00 4.052631578947368314e-08 1.712310814358128708e+00
1.723926380368098199e+00 4.289473684210526345e-08 2.524706534860825080e+00
1.633720930232558155e+00 4.526315789473684375e-08 3.530900014687012423e+00
0.000000000000000000e+00 0.000000000000000000e+00 0.000000000000000000e+00
0.000000000000000000e+00 0.000000000000000000e+00 0.000000000000000000e+00
0.000000000000000000e+00 0.000000000000000000e+00 0.000000000000000000e+00
0.000000000000000000e+00 0.000000000000000000e+00 0.000000000000000000e+00
0.000000000000000000e+00 0.000000000000000000e+00 0.000000000000000000e+00
0.000000000000000000e+00 0.000000000000000000e+00 0.000000000000000000e+00
0.000000000000000000e+00 0.000000000000000000e+00 0.000000000000000000e+00
0.000000000000000000e+00 0.000000000000000000e+00 0.000000000000000000e+00
0.000000000000000000e+00 0.000000000000000000e+00 0.000000000000000000e+00
0.000000000000000000e+00 0.000000000000000000e+00 0.000000000000000000e+00
0.000000000000000000e+00 0.000000000000000000e+00 0.000000000000000000e+00
0.000000000000000000e+00 0.000000000000000000e+00 0.000000000000000000e+00
2.644036697247706513e+00 2.868421052631578825e-08 2.971817605798348971e+00
2.442372881355932446e+00 3.105263157894736855e-08 1.825696248332599358e+00
2.269291338582677398e+00 3.342105263157894885e-08 1.236525758931011465e+00
2.119117647058823550e+00 3.578947368421052915e-08 1.106803512793357536e+00
1.987586206896551966e+00 3.815789473684210284e-08 1.354380981113480598e+00
1.871428571428571663e+00 4.052631578947368314e-08 1.909195861492053892e+00
1.768098159509202461e+00 4.289473684210526345e-08 2.711194400834052054e+00
1.675581395348837210e+00 4.526315789473684375e-08 3.708877824565606218e+00
0.000000000000000000e+00 0.000000000000000000e+00 0.000000000000000000e+00
0.000000000000000000e+00 0.000000000000000000e+00 0.000000000000000000e+00
0.000000000000000000e+00 0.000000000000000000e+00 0.000000000000000000e+00
0.000000000000000000e+00 0.000000000000000000e+00 0.000000000000000000e+00
0.000000000000000000e+00 0.000000000000000000e+00 0.000000000000000000e+00
0.000000000000000000e+00 0.000000000000000000e+00 0.000000000000000000e+00
0.000000000000000000e+00 0.000000000000000000e+00 0.000000000000000000e+00
0.000000000000000000e+00 0.000000000000000000e+00 0.000000000000000000e+00
0.000000000000000000e+00 0.000000000000000000e+00 0.000000000000000000e+00
0.000000000000000000e+00 0.000000000000000000e+00 0.000000000000000000e+00
0.000000000000000000e+00 0.000000000000000000e+00 0.000000000000000000e+00
0.000000000000000000e+00 0.000000000000000000e+00 0.000000000000000000e+00
2.710091743119265928e+00 2.868421052631578825e-08 3.237843022438056551e+00
2.503389830508474301e+00 3.105263157894736855e-08 2.085745801352604456e+00
2.325984251968503891e+00 3.342105263157894885e-08 1.487639570064688721e+00
2.172058823529411598e+00 3.578947368421052915e-08 1.347386832895366648e+00
2.037241379310344769e+00 3.815789473684210284e-08 1.584018661885099988e+00
1.918181818181818210e+00 4.052631578947368314e-08 2.128409607076686694e+00
1.812269938650306722e+00 4.289473684210526345e-08 2.921195213808773783e+00
1.717441860465116044e+00 4.526315789473684375e-08 3.911341320591558812e+00
0.000000000000000000e+00 0.000000000000000000e+00 0.000000000000000000e+00
0.000000000000000000e+00 0.000000000000000000e+00 0.000000000000000000e+00
0.000000000000000000e+00 0.000000000000000000e+00 0.000000000000000000e+00
0.000000000000000000e+00 0.000000000000000000e+00 0.000000000000000000e+00
0.000000000000000000e+00 0.000000000000000000e+00 0.000000000000000000e+00
0.000000000000000000e+00 0.000000000000000000e+00 0.000000000000000000e+00
0.000000000000000000e+00 0.000000000000000000e+00 0.000000000000000000e+00
0.000000000000000000e+00 0.000000000000000000e+00 0.000000000000000000e+00
0.000000000000000000e+00 0.000000000000000000e+00 0.000000000000000000e+00
0.000000000000000000e+00 0.000000000000000000e+00 0.000000000000000000e+00
0.000000000000000000e+00 0.000000000000000000e+00 0.000000000000000000e+00
0.000000000000000000e+00 0.000000000000000000e+00 0.000000000000000000e+00
2.776146788990825787e+00 2.868421052631578825e-08 3.515094594472549350e+00
2.564406779661017044e+00 3.105263157894736855e-08 2.359353178189310007e+00
2.382677165354330384e+00 3.342105263157894885e-08 1.754440047634562738e+00
2.224999999999999645e+00 3.578947368421052915e-08 1.605542327689013282e+00
2.086896551724138238e+00 3.815789473684210284e-08 1.832858050730877153e+00
1.964935064935064979e+00 4.052631578947368314e-08 2.368205498374589268e+00
1.856441717791410984e+00 4.289473684210526345e-08 3.152928770451968621e+00
1.759302325581395321e+00 4.526315789473684375e-08 4.136484477286565209e+00
0.000000000000000000e+00 0.000000000000000000e+00 0.000000000000000000e+00
0.000000000000000000e+00 0.000000000000000000e+00 0.000000000000000000e+00
0.000000000000000000e+00 0.000000000000000000e+00 0.000000000000000000e+00
0.000000000000000000e+00 0.000000000000000000e+00 0.000000000000000000e+00
0.000000000000000000e+00 0.000000000000000000e+00 0.000000000000000000e+00
0.000000000000000000e+00 0.000000000000000000e+00 0.000000000000000000e+00
0.000000000000000000e+00 0.000000000000000000e+00 0.000000000000000000e+00
0.000000000000000000e+00 0.000000000000000000e+00 0.000000000000000000e+00
0.000000000000000000e+00 0.000000000000000000e+00 0.000000000000000000e+00
0.000000000000000000e+00 0.000000000000000000e+00 0.000000000000000000e+00
0.000000000000000000e+00 0.000000000000000000e+00 0.000000000000000000e+00
0.000000000000000000e+00 0.000000000000000000e+00 0.000000000000000000e+00
2.842201834862385645e+00 2.868421052631578825e-08 3.802358769867696608e+00
2.625423728813559343e+00 3.105263157894736855e-08 2.645185342713190835e+00
2.439370078740157322e+00 3.342105263157894885e-08 2.035498397701846596e+00
2.277941176470588136e+00 3.578947368421052915e-08 1.879766534899444119e+00
2.136551724137931263e+00 3.815789473684210284e-08 2.099338664081730865e+00
2.011688311688311970e+00 4.052631578947368314e-08 2.626980084897120094e+00
1.900613496932515467e+00 4.289473684210526345e-08 3.404759336989062746e+00
1.801162790697674376e+00 4.526315789473684375e-08 4.382646989414122451e+00
0.000000000000000000e+00 0.000000000000000000e+00 0.000000000000000000e+00
0.000000000000000000e+00 0.000000000000000000e+00 0.000000000000000000e+00
0.000000000000000000e+00 0.000000000000000000e+00 0.000000000000000000e+00
0.000000000000000000e+00 0.000000000000000000e+00 0.000000000000000000e+00
0.000000000000000000e+00 0.000000000000000000e+00 0.000000000000000000e+00
0.000000000000000000e+00 0.000000000000000000e+00 0.000000000000000000e+00
0.000000000000000000e+00 0.000000000000000000e+00 0.000000000000000000e+00
0.000000000000000000e+00 0.000000000000000000e+00 0.000000000000000000e+00
0.000000000000000000e+00 0.000000000000000000e+00 0.000000000000000000e+00
0.000000000000000000e+00 0.000000000000000000e+00 0.000000000000000000e+00
0.000000000000000000e+00 0.000000000000000000e+00 0.000000000000000000e+00
0.000000000000000000e+00 0.000000000000000000e+00 0.000000000000000000e+00
2.908256880733944616e+00 2.868421052631578825e-08 4.098533960020312783e+00
2.686440677966101642e+00 3.105263157894736855e-08 2.942027285920193247e+00
2.496062992125983815e+00 3.342105263157894885e-08 2.329508172762909890e+00
2.330882352941176183e+00 3.578947368421052915e-08 2.168681363452799715e+00
2.186206896551724288e+00 3.815789473684210284e-08 2.382027516835828695e+00
2.058441558441558517e+00 4.052631578947368314e-08 2.903258968582249189e+00
1.944785276073619507e+00 4.289473684210526345e-08 3.675181464522485175e+00
0.000000000000000000e+00 0.000000000000000000e+00 0.000000000000000000e+00
0.000000000000000000e+00 0.000000000000000000e+00 0.000000000000000000e+00
0.000000000000000000e+00 0.000000000000000000e+00 0.000000000000000000e+00
0.000000000000000000e+00 0.000000000000000000e+00 0.000000000000000000e+00
0.000000000000000000e+00 0.000000000000000000e+00 0.000000000000000000e+00
0.000000000000000000e+00 0.000000000000000000e+00 0.000000000000000000e+00
0.000000000000000000e+00 0.000000000000000000e+00 0.000000000000000000e+00
0.000000000000000000e+00 0.000000000000000000e+00 0.000000000000000000e+00
0.000000000000000000e+00 0.000000000000000000e+00 0.000000000000000000e+00
0.000000000000000000e+00 0.000000000000000000e+00 0.000000000000000000e+00
0.000000000000000000e+00 0.000000000000000000e+00 0.000000000000000000e+00
0.000000000000000000e+00 0.000000000000000000e+00 0.000000000000000000e+00
0.000000000000000000e+00 0.000000000000000000e+00 0.000000000000000000e+00
2.974311926605504475e+00 2.868421052631578825e-08 4.402619111915921479e+00
2.747457627118643941e+00 3.105263157894736855e-08 3.248770249113490660e+00
2.552755905511810752e+00 3.342105263157894885e-08 2.635273263075522454e+00
2.383823529411764230e+00 3.578947368421052915e-08 2.471021923805831300e+00
2.235862068965517313e+00 3.815789473684210284e-08 2.679606828508287908e+00
2.105194805194805063e+00 4.052631578947368314e-08 3.195684398842196128e+00
1.988957055214723768e+00 4.289473684210526345e-08 3.962807470146315403e+00
0.000000000000000000e+00 0.000000000000000000e+00 0.000000000000000000e+00
0.000000000000000000e+00 0.000000000000000000e+00 0.000000000000000000e+00
0.000000000000000000e+00 0.000000000000000000e+00 0.000000000000000000e+00
0.000000000000000000e+00 0.000000000000000000e+00 0.000000000000000000e+00
0.000000000000000000e+00 0.000000000000000000e+00 0.000000000000000000e+00
0.000000000000000000e+00 0.000000000000000000e+00 0.000000000000000000e+00
0.000000000000000000e+00 0.000000000000000000e+00 0.000000000000000000e+00
0.000000000000000000e+00 0.000000000000000000e+00 0.000000000000000000e+00
0.000000000000000000e+00 0.000000000000000000e+00 0.000000000000000000e+00
0.000000000000000000e+00 0.000000000000000000e+00 0.000000000000000000e+00
0.000000000000000000e+00 0.000000000000000000e+00 0.000000000000000000e+00
0.000000000000000000e+00 0.000000000000000000e+00 0.000000000000000000e+00
0.000000000000000000e+00 0.000000000000000000e+00 0.000000000000000000e+00
0.000000000000000000e+00 0.000000000000000000e+00 0.000000000000000000e+00
2.808474576271186240e+00 3.105263157894736855e-08 3.564401306499374922e+00
2.609448818897637690e+00 3.342105263157894885e-08 2.951697265049084251e+00
2.436764705882352722e+00 3.578947368421052915e-08 2.785625749844196086e+00
2.285517241379310338e+00 3.815789473684210284e-08 2.990863135011788909e+00
2.151948051948052054e+00 4.052631578947368314e-08 3.503004288479893091e+00
2.033128834355828030e+00 4.289473684210526345e-08 4.266356356278659945e+00
0.000000000000000000e+00 0.000000000000000000e+00 0.000000000000000000e+00
0.000000000000000000e+00 0.000000000000000000e+00 0.000000000000000000e+00
0.000000000000000000e+00 0.000000000000000000e+00 0.000000000000000000e+00
0.000000000000000000e+00 0.000000000000000000e+00 0.000000000000000000e+00
0.000000000000000000e+00 0.000000000000000000e+00 0.000000000000000000e+00
0.000000000000000000e+00 0.000000000000000000e+00 0.000000000000000000e+00
0.000000000000000000e+00 0.000000000000000000e+00 0.000000000000000000e+00
0.000000000000000000e+00 0.000000000000000000e+00 0.000000000000000000e+00
0.000000000000000000e+00 0.000000000000000000e+00 0.000000000000000000e+00
0.000000000000000000e+00 0.000000000000000000e+00 0.000000000000000000e+00
0.000000000000000000e+00 0.000000000000000000e+00 0.000000000000000000e+00
0.000000000000000000e+00 0.000000000000000000e+00 0.000000000000000000e+00
0.000000000000000000e+00 0.000000000000000000e+00 0.000000000000000000e+00
0.000000000000000000e+00 0.000000000000000000e+00 0.000000000000000000e+00
2.869491525423728540e+00 3.105263157894736855e-08 3.887994126937138528e+00
2.666141732283464183e+00 3.342105263157894885e-08 3.277774044332836034e+00
2.489705882352940769e+00 3.578947368421052915e-08 3.111423227884718923e+00
2.335172413793103363e+00 3.815789473684210284e-08 3.314677619306827250e+00
2.198701298701298601e+00 4.052631578947368314e-08 3.824062461127503365e+00
2.077300613496932069e+00 4.289473684210526345e-08 4.584643975923552439e+00
0.000000000000000000e+00 0.000000000000000000e+00 0.000000000000000000e+00
0.000000000000000000e+00 0.000000000000000000e+00 0.000000000000000000e+00
0.000000000000000000e+00 0.000000000000000000e+00 0.000000000000000000e+00
0.000000000000000000e+00 0.000000000000000000e+00 0.000000000000000000e+00
0.000000000000000000e+00 0.000000000000000000e+00 0.000000000000000000e+00
0.000000000000000000e+00 0.000000000000000000e+00 0.000000000000000000e+00
0.000000000000000000e+00 0.000000000000000000e+00 0.000000000000000000e+00
0.000000000000000000e+00 0.000000000000000000e+00 0.000000000000000000e+00
0.000000000000000000e+00 0.000000000000000000e+00 0.000000000000000000e+00
0.000000000000000000e+00 0.000000000000000000e+00 0.000000000000000000e+00
0.000000000000000000e+00 0.000000000000000000e+00 0.000000000000000000e+00
0.000000000000000000e+00 0.000000000000000000e+00 0.000000000000000000e+00
0.000000000000000000e+00 0.000000000000000000e+00 0.000000000000000000e+00
0.000000000000000000e+00 0.000000000000000000e+00 0.000000000000000000e+00
2.930508474576270839e+00 3.105263157894736855e-08 4.218700761647427022e+00
2.722834645669291120e+00 3.342105263157894885e-08 3.612579338639440696e+00
2.542647058823529260e+00 3.578947368421052915e-08 3.447429076100084977e+00
2.384827586206896388e+00 3.815789473684210284e-08 3.650017502372755018e+00
2.245454545454545592e+00 4.052631578947368314e-08 4.157789969529531504e+00
0.000000000000000000e+00 0.000000000000000000e+00 0.000000000000000000e+00
0.000000000000000000e+00 0.000000000000000000e+00 0.000000000000000000e+00
0.000000000000000000e+00 0.000000000000000000e+00 0.000000000000000000e+00
0.000000000000000000e+00 0.000000000000000000e+00 0.000000000000000000e+00
