0.000000000000000000e+00 0.000000000000000000e+00 0.000000000000000000e+00
0.000000000000000000e+00 0.000000000000000000e+00 0.000000000000000000e+00
0.000000000000000000e+00 0.000000000000000000e+00 0.000000000000000000e+00
0.000000000000000000e+00 0.000000000000000000e+00 0.000000000000000000e+00
1.800000000000000044e+00 2.722222222222222224e-08 2.153163910562910566e+00
1.541958041958041870e+00 3.177777777777777999e-08 5.677460483234830768e-01
1.348623853211009083e+00 3.633333333333333442e-08 9.237950322808117232e-01
1.198369565217391353e+00 4.088888888888888886e-08 2.474768268181591235e+00
0.000000000000000000e+00 0.000000000000000000e+00 0.000000000000000000e+00
0.000000000000000000e+00 0.000000000000000000e+00 0.000000000000000000e+00
0.000000000000000000e+00 0.000000000000000000e+00 0.000000000000000000e+00
0.000000000000000000e+00 0.000000000000000000e+00 0.000000000000000000e+00
0.000000000000000000e+00 0.000000000000000000e+00 0.000000000000000000e+00
0.000000000000000000e+00 0.000000000000000000e+00 0.000000000000000000e+00
1.971428571428571530e+00 2.722222222222222224e-08 2.014953640900242426e+00
1.688811188811188746e+00 3.177777777777777999e-08 1.593659999868616839e-01
1.477064220183486265e+00 3.633333333333333442e-08 2.895193136905807041e-01
1.312500000000000000e+00 4.088888888888888886e-08 1.668266350253153618e+00
1.180929095354523284e+00 4.544444444444444330e-08 3.796617826241460047e+00
0.000000000000000000e+00 0.000000000000000000e+00 0.000000000000000000e+00
0.000000000000000000e+00 0.000000000000000000e+00 0.000000000000000000e+00
0.000000000000000000e+00 0.000000000000000000e+00 0.000000000000000000e+00
0.000000000000000000e+00 0.000000000000000000e+00 0.000000000000000000e+00
0.000000000000000000e+00 0.000000000000000000e+00 0.000000000000000000e+00
2.142857142857142794e+00 2.722222222222222224e-08 2.131987997744541730e+00
1.835664335664335622e+00 3.177777777777777999e-08 6.255047864714435857e-02
1.605504587155963225e+00 3.633333333333333442e-08 6.499498362230515802e-03
1.426630434782608647e+00 4.088888888888888886e-08 1.240019867075634386e+00
1.283618581907090439e+00 4.544444444444444330e-08 3.265957082955272206e+00
0.000000000000000000e+00 0.000000000000000000e+00 0.000000000000000000e+00
0.000000000000000000e+00 0.000000000000000000e+00 0.000000000000000000e+00
0.000000000000000000e+00 0.000000000000000000e+00 0.000000000000000000e+00
0.000000000000000000e+00 0.000000000000000000e+00 0.000000000000000000e+00
0.000000000000000000e+00 0.000000000000000000e+00 0.000000000000000000e+00
2.314285714285714057e+00 2.722222222222222224e-08 2.441252633248741866e+00
1.982517482517482277e+00 3.177777777777777999e-08 2.068483693254993816e-01
0.000000000000000000e+00 0.000000000000000000e+00 0.000000000000000000e+00
1.540760869565217295e+00 4.088888888888888886e-08 1.112674626876588357e+00
1.386308068459657594e+00 4.544444444444444330e-08 3.052813004030892508e+00
0.000000000000000000e+00 0.000000000000000000e+00 0.000000000000000000e+00
0.000000000000000000e+00 0.000000000000000000e+00 0.000000000000000000e+00
0.000000000000000000e+00 0.000000000000000000e+00 0.000000000000000000e+00
0.000000000000000000e+00 0.000000000000000000e+00 0.000000000000000000e+00
0.000000000000000000e+00 0.000000000000000000e+00 0.000000000000000000e+00
2.485714285714285765e+00 2.722222222222222224e-08 2.895815004980471841e+00
2.129370629370629153e+00 3.177777777777777999e-08 5.390639858304333565e-01
1.862385321100917368e+00 3.633333333333333442e-08 2.131241055976391685e-01
1.654891304347825942e+00 4.088888888888888886e-08 1.227109554198019259e+00
1.488997555012224971e+00 4.544444444444444330e-08 3.096575837558457778e+00
0.000000000000000000e+00 0.000000000000000000e+00 0.000000000000000000e+00
0.000000000000000000e+00 0.000000000000000000e+00 0.000000000000000000e+00
0.000000000000000000e+00 0.000000000000000000e+00 0.000000000000000000e+00
0.000000000000000000e+00 0.000000000000000000e+00 0.000000000000000000e+00
0.000000000000000000e+00 0.000000000000000000e+00 0.000000000000000000e+00
2.657142857142857029e+00 2.722222222222222224e-08 3.460097479211138083e+00
2.276223776223776252e+00 3.177777777777777999e-08 1.018312429717422418e+00
1.990825688073394328e+00 3.633333333333333442e-08 6.017700433465313914e-01
1.769021739130434812e+00 4.088888888888888886e-08 1.537386634373329786e+00
0.000000000000000000e+00 0.000000000000000000e+00 0.000000000000000000e+00
0.000000000000000000e+00 0.000000000000000000e+00 0.000000000000000000e+00
0.000000000000000000e+00 0.000000000000000000e+00 0.000000000000000000e+00
0.000000000000000000e+00 0.000000000000000000e+00 0.000000000000000000e+00
0.000000000000000000e+00 0.000000000000000000e+00 0.000000000000000000e+00
0.000000000000000000e+00 0.000000000000000000e+00 0.000000000000000000e+00
2.828571428571428292e+00 2.722222222222222224e-08 4.106966649626584420e+00
2.423076923076922462e+00 3.177777777777777999e-08 1.612760900093674232e+00
2.119266055045871067e+00 3.633333333333333442e-08 1.131310816621514004e+00
1.883152173913043237e+00 4.088888888888888886e-08 2.007175420436946744e+00
0.000000000000000000e+00 0.000000000000000000e+00 0.000000000000000000e+00
0.000000000000000000e+00 0.000000000000000000e+00 0.000000000000000000e+00
0.000000000000000000e+00 0.000000000000000000e+00 0.000000000000000000e+00
0.000000000000000000e+00 0.000000000000000000e+00 0.000000000000000000e+00
0.000000000000000000e+00 0.000000000000000000e+00 0.000000000000000000e+00
0.000000000000000000e+00 0.000000000000000000e+00 0.000000000000000000e+00
0.000000000000000000e+00 0.000000000000000000e+00 0.000000000000000000e+00
2.569930069930069561e+00 3.177777777777777999e-08 2.297419358868036277e+00
2.247706422018348249e+00 3.633333333333333442e-08 1.774194117469322984e+00
1.997282608695651884e+00 4.088888888888888886e-08 2.607472453566834325e+00
0.000000000000000000e+00 0.000000000000000000e+00 0.000000000000000000e+00
0.000000000000000000e+00 0.000000000000000000e+00 0.000000000000000000e+00
0.000000000000000000e+00 0.000000000000000000e+00 0.000000000000000000e+00
0.000000000000000000e+00 0.000000000000000000e+00 0.000000000000000000e+00
0.000000000000000000e+00 0.000000000000000000e+00 0.000000000000000000e+00
0.000000000000000000e+00 0.000000000000000000e+00 0.000000000000000000e+00
0.000000000000000000e+00 0.000000000000000000e+00 0.000000000000000000e+00
2.716783216783216215e+00 3.177777777777777999e-08 3.052407669532533063e+00
2.376146788990825431e+00 3.633333333333333442e-08 2.508294958773177541e+00
2.111413043478260754e+00 4.088888888888888886e-08 3.314792168372306946e+00
0.000000000000000000e+00 0.000000000000000000e+00 0.000000000000000000e+00
0.000000000000000000e+00 0.000000000000000000e+00 0.000000000000000000e+00
0.000000000000000000e+00 0.000000000000000000e+00 0.000000000000000000e+00
0.000000000000000000e+00 0.000000000000000000e+00 0.000000000000000000e+00
0.000000000000000000e+00 0.000000000000000000e+00 0.000000000000000000e+00
0.000000000000000000e+00 0.000000000000000000e+00 0.000000000000000000e+00
0.000000000000000000e+00 0.000000000000000000e+00 0.000000000000000000e+00
2.863636363636363313e+00 3.177777777777777999e-08 3.861828103661300915e+00
2.504587155963302614e+00 3.633333333333333442e-08 3.315662751273458220e+00
2.225543478260869623e+00 4.088888888888888886e-08 4.109991332048649859e+00
0.000000000000000000e+00 0.000000000000000000e+00 0.000000000000000000e+00
0.000000000000000000e+00 0.000000000000000000e+00 0.000000000000000000e+00
